4294967278,24
4294967278,23
4294967278,22
4294967278,21
4294967278,20
4294967278,306
4294967279,316
4294967278,305
4294967279,139
4294967278,138
4294967279,279
10,6
4294967278,30
4294967278,29
4294967278,28
4294967278,27
4294967278,26
4294967278,137
4294967278,25
4294967279,278
4294967279,277
4294967279,276
4294967279,134
4294967279,315
4294967279,283
4294967279,274
4294967279,273
4294967278,39
4294967278,38
4294967278,37
4294967278,36
4294967278,35
4294967278,34
4294967278,33
4294967278,32
4294967278,31
4294967278,174
4294967279,40
4294967279,39
4294967279,38
4294967279,37
4294967279,36
4294967279,35
4294967279,34
4294967279,33
4294967279,32
4294967279,31
4294967279,29
4294967279,27
4294967279,26
4294967279,25
4294967279,22
4294967279,20
4294967279,19
4294967279,16
4294967279,14
4294967279,11
4294967279,9
14,0
4294967279,17
4294967279,289
4294967278,355
4294967279,311
4294967279,268
4294967278,354
4294967279,12
4294967279,310
4294967279,266
4294967294,388
4294967294,387
4294967294,1032
4294967279,265
4294967279,309
4294967279,264
14,9
14,8
14,7
14,6
4294967279,262
4294967278,353
14,5
4294967279,284
14,4
14,3
14,2
14,1
4294967279,259
8,3
10,3
4294967278,352
4294967294,413
4294967278,351
4294967279,419
4294967278,350
4294967294,438
4294967294,12
4294967294,11
4294967278,349
4294967279,418
4294967279,417
4294967294,81
4294967278,348
4294967278,347
4294967278,346
4294967279,416
4294967278,345
4294967294,390
4294967294,115
4294967278,344
4294967278,343
4294967279,415
4294967279,414
4294967278,254
4294967278,252
13,5
4294967278,250
13,4
13,3
13,2
13,1
4294967279,413
4294967278,248
4294967294,8
4294967294,971
4294967294,1420
4294967294,441
4294967294,120
4294967294,92
4294967294,91
4294967294,88
4294967294,86
4294967294,85
4294967294,29
4294967294,53
4294967294,51
4294967294,52
4294967294,393
4294967294,45
4294967294,426
4294967294,39
4294967294,41
4294967294,37
4294967294,36
4294967294,42
4294967278,245
4294967294,5
4294967278,243
4294967278,240
12,9
12,0
4294967278,238
4294967279,412
4294967278,342
4294967278,341
4294967278,0
4294967279,411
4294967279,410
4294967278,235
4294967278,230
9,15
9,14
9,4
10,4
6,6
6,5
6,4
8,5
4294967294,6
4294967294,99
4294967294,470
4294967294,1020
4294967294,1035
4294967294,1419
4294967294,83
4294967278,132
4294967278,131
4294967278,130
4294967278,129
4294967278,128
4294967278,127
4294967278,126
4294967278,125
4294967278,124
4294967278,123
4294967278,122
4294967278,121
4294967278,120
4294967278,119
4294967278,118
4294967278,117
4294967278,116
4294967278,115
4294967278,114
4294967278,113
4294967278,112
4294967278,111
4294967278,110
4294967278,109
4294967278,108
4294967278,107
4294967278,106
4294967278,105
4294967278,104
4294967278,103
4294967278,102
4294967278,101
4294967278,100
4294967278,99
4294967278,98
4294967278,92
4294967278,90
4294967278,89
4294967278,87
4294967278,86
4294967278,82
4294967278,81
4294967278,80
4294967278,79
4294967278,78
4294967278,77
4294967278,76
4294967278,75
4294967278,74
4294967278,73
4294967278,72
4294967278,71
4294967278,70
4294967278,69
4294967278,68
4294967278,67
4294967278,66
4294967278,65
4294967278,64
4294967278,63
4294967278,62
4294967278,61
4294967278,60
4294967278,59
4294967278,58
4294967278,57
4294967278,56
4294967278,55
4294967278,54
4294967278,53
4294967278,52
4294967278,51
4294967278,50
4294967278,49
4294967278,48
4294967278,47
4294967278,46
4294967278,45
4294967278,44
4294967278,43
4294967278,42
4294967278,41
4294967278,40
4294967279,30
4294967279,28
4294967279,24
4294967279,23
4294967279,21
4294967279,18
4294967279,15
4294967279,13
4294967279,10
4294967279,8
4294967279,7
4294967279,6
4294967279,5
4294967279,4
4294967294,127
4294967294,126
4294967294,13
4294967294,185
4294967294,170
4294967294,163
4294967294,162
4294967294,1418
4294967279,409
4294967278,340
4294967278,97
4294967294,30
4294967294,97
4294967294,61
4294967279,408
4294967278,339
4294967278,96
4294967294,469
4294967278,338
4294967278,95
4294967279,407
4294967278,337
4294967278,94
4294967279,406
4294967278,336
4294967278,93
4294967278,204
4294967294,46
4294967279,405
4294967278,203
4294967278,335
4294967278,91
4294967278,202
12,8
5,8
12,7
12,6
8,4
